name: segadb_env
channels:
  - conda-forge
  - defaults
dependencies:
  - bcrypt=4.2.1=py312h2615798_0
  - bzip2=1.0.8=h2bbff1b_6
  - ca-certificates=2024.11.26=haa95532_0
  - cffi=1.17.1=py312h827c3e9_0
  - colorama=0.4.6=py312haa95532_0
  - cryptography=43.0.0=py312h89fc84f_0
  - expat=2.6.3=h5da7b33_0
  - freetype=2.12.1=ha860e81_0
  - joblib=1.4.2=py312haa95532_0
  - jpeg=9e=h827c3e9_3
  - lcms2=2.12=h83e58a3_0
  - lerc=3.0=hd77b12b_0
  - libdeflate=1.17=h2bbff1b_1
  - libexpat=2.6.3=he0c23c2_0
  - libffi=3.4.4=hd77b12b_1
  - libpng=1.6.39=h8cc25b3_0
  - libsqlite=3.47.2=h67fdade_0
  - libtiff=4.5.1=hd77b12b_0
  - libwebp-base=1.3.2=h3d04722_1
  - libzlib=1.2.13=h2466b09_6
  - lz4-c=1.9.4=h2bbff1b_1
  - openjpeg=2.5.2=hae555c5_0
  - openssl=3.4.0=h2466b09_0
  - pillow=10.4.0=py312h827c3e9_0
  - pip=24.2=py312haa95532_0
  - pycparser=2.21=pyhd3eb1b0_0
  - python=3.12.3=h2628c8c_0_cpython
  - python_abi=3.12=5_cp312
  - setuptools=75.1.0=py312haa95532_0
  - sqlite=3.45.3=h2bbff1b_0
  - tabulate=0.9.0=py312haa95532_0
  - tk=8.6.14=h0416ee5_0
  - tqdm=4.66.5=py312hfc267ef_0
  - tzdata=2024b=h04d1e81_0
  - ucrt=10.0.22621.0=h57928b3_1
  - vc=14.40=haa95532_2
  - vc14_runtime=14.42.34433=he29a5d6_23
  - vs2015_runtime=14.42.34433=hdffcdeb_23
  - wheel=0.44.0=py312haa95532_0
  - xz=5.4.6=h8cc25b3_1
  - zlib=1.2.13=h2466b09_6
  - zstd=1.5.6=h8880b57_0
  - pip:
      - polars==1.17.1
prefix: C:\Users\sg670w\AppData\Local\anaconda3\envs\segadb_env
